3229820181950	25
3229820181950	26
3229820181950	27
3229820181950	28
3229820181950	29
3229820181950	30
3229820181950	31
3229820181950	32
3229820181950	33
3229820181950	34
3229820181950	35
3229820181950	36
3229820181950	37
3229820181950	38
3229820181950	39
3229820181950	40
3229820181950	41
5410126806052	42
5410126806052	43
5410126806052	44
5410126806052	45
5410126806052	46
5410126806052	47
5410126806052	48
5410126806052	49
20093709	50
20093709	51
20093709	44
20093709	52
20093709	53
20093709	54
20093709	55
20093709	56
20093709	49
20093709	57
20093709	58
3560070420179	59
3560070420179	60
3560070420179	61
3560070420179	62
3560070420179	63
3560070420179	49
3560070420179	64
3560070419456	65
3560070419456	66
3268350120558	67
3268350120558	68
3268350120558	69
3268350120558	70
3268350120558	71
3268350120558	72
3268350120558	73
3268350120558	74
3268350120558	75
3268350120558	76
3268350120558	77
3268350120558	78
3268350120558	76
3268350120558	79
3268350120558	80
3268350120558	81
3268350120558	82
3178530402698	83
3178530402698	84
3178530402698	44
3178530402698	85
3178530402698	86
3178530402698	87
3178530402698	88
3178530402698	55
3178530402698	89
3178530402698	90
3178530402698	49
3178530402698	91
3178530402698	34
3336970711057	92
3336970711057	93
3336970711057	94
3336970711057	95
3336970711057	49
3336970711057	96
3350033118065	97
3350033118065	98
3350033118065	99
3350033118065	100
3350033118065	76
3350033118065	101
3350033118065	102
3431410131003	103
3431410131003	104
3431410131003	105
3431410131003	106
3431410131003	107
3431410131003	108
3431410131003	109
3431410131003	110
3431410131003	51
3431410131003	44
3431410131003	111
3431410131003	112
3431410131003	49
3431410131003	113
3431410131003	114
3560070600977	115
3560070600977	116
3560070600977	117
3560070600977	118
3560070600977	119
3449851140553	120
3449851140553	121
3449851140553	122
3449851140553	123
3449851140553	49
3449851140553	124
3449851140553	125
3449851140553	126
3449851140553	127
3449851140553	44
3449851140553	128
3560070725588	129
3560070725588	130
3560070725588	118
3560070725588	131
3560070725588	132
7071848006113	133
7071848006113	134
7071848006113	135
7071848006113	136
7071848006113	137
7071848006113	138
7071848006113	139
7071848006113	140
7071848006113	141
7071848006113	142
3245413922403	143
3245413922403	144
3245413922403	145
3245413922403	44
3245413922403	146
3245413922403	147
3245413922403	148
3245413922403	149
3245413922403	150
3245413922403	151
3245413922403	145
3245413922403	152
3245413922403	153
3245413922403	154
3245413922403	155
3245413922403	156
3245413922403	157
3245413922403	158
3245413922403	159
3245413922403	160
3245413922403	34
3245413922403	161
3245413922403	162
3245413922403	49
3245413922403	163
3245413922403	164
3245413922403	165
3245413922403	166
3245413922403	167
3760121210524	168
3760121210524	169
3760121210524	170
3760121210524	105
3760121210524	101
3760121210524	171
3760121210524	172
3760121210524	173
3760121210524	174
3760121210524	175
3760121210524	176
3760121210524	177
3760121210524	178
3760121210524	179
3760121210524	180
3564709005157	181
3564709005157	43
3564709005157	44
3564709005157	182
3564709005157	56
3564709005157	49
3564709005157	113
3564709005157	183
3477730001503	184
3477730001503	185
3477730001503	186
3477730001503	187
3477730001503	188
3477730001503	105
3477730001503	189
3477730001503	101
3760122961241	190
3760122961241	191
3760122961241	44
3760122961241	192
3760122961241	193
3760122961241	194
3760122961241	195
3760122961241	196
3760122961241	49
3760122961241	197
3760122961241	105
3760122961241	198
3760122961241	107
3760122961241	199
3760122961241	183
3178530411195	200
3178530411195	201
3178530411195	106
3178530411195	107
3178530411195	105
3178530411195	202
3178530411195	109
3178530411195	110
3178530411195	51
3178530411195	203
3178530411195	204
3178530411195	44
3178530411195	205
3178530411195	206
3178530411195	49
5000396015935	207
5000396015935	208
5000396015935	209
5000396015935	210
5000396015935	211
5000396015935	212
5000396015935	213
5000396015935	214
5000396015935	215
3336971112013	216
3336971112013	93
3336971112013	217
3336971112013	95
3336971112013	49
3336971112013	96
26034669	97
26034669	43
26034669	44
26034669	218
26034669	219
26034669	55
26034669	49
3175681140806	220
3175681140806	221
3175681140806	222
3175681140806	223
3175681140806	224
3175681140806	225
3175681140806	226
3175681140806	227
3175681140806	228
3175681140806	229
3175681140806	226
3175681140806	230
3175681140806	226
3175681140806	231
3175681140806	226
3175681140806	232
3175681140806	226
3175681140806	233
3175681140806	226
3175681140806	234
3175681140806	235
3175681140806	179
3175681140806	236
3175681140806	237
3175681140806	238
3175681140806	239
3178530408409	240
3178530408409	43
3178530408409	44
3178530408409	95
3178530408409	241
3178530408409	105
3178530408409	242
3178530408409	107
3178530408409	243
3178530408409	204
3178530408409	244
3178530408409	49
3178530408409	245
26035468	246
26035468	51
26035468	44
26035468	247
26035468	248
26035468	55
26035468	249
26035468	56
26035468	49
26035468	250
3222471834732	251
3222471834732	252
3222471834732	234
3222471834732	253
3222471834732	254
3222471834732	49
3222471834732	34
3222471834732	178
3560070907564	255
3560070907564	256
3560070907564	257
3564709001579	258
3564709001579	259
3564709001579	58
3760029247127	260
3760029247127	261
3760029247127	262
3760029247127	263
3760029247127	264
3561770000036	265
3561770000036	261
3561770000036	266
3561770000036	267
3336971202059	268
3336971202059	93
3336971202059	217
3336971202059	95
3336971202059	49
3336971202059	96
3245390021908	97
3245390021908	269
3245390021908	270
3245390021908	271
3245390021908	55
3245390021908	272
3245390021908	273
3245390021908	113
3245390021908	49
3245390021908	274
3175681120679	275
3175681120679	276
3175681120679	277
3175681120679	110
3175681120679	278
3175681120679	279
3175681120679	280
3175681120679	279
3175681120679	51
3175681120679	281
3175681120679	282
3175681120679	283
3175681120679	284
3175681120679	177
3175681120679	179
3175681120679	285
3175681120679	286
3178530407365	287
3178530407365	288
3178530407365	289
3178530407365	290
3178530407365	44
3268350120367	49
3268350120367	291
3268350120367	292
3268350120367	293
3268350120367	107
3268350120367	105
3268350120367	171
3268350120367	294
3268350120367	95
3268350120367	241
3268350120367	295
3268350120367	296
3268350120367	297
3268350120367	298
3268350120367	299
3268350120367	81
3268350120367	82
3222475123597	300
3222475123597	301
3222475123597	302
3222475123597	303
3222475123597	304
3222475123597	305
3222475123597	101
3222475123597	306
3222475123597	304
3222475123597	307
3222475123597	308
3222475123597	157
3222475123597	309
3222475123597	179
3222475123597	310
3222475123597	34
3222475123597	311
3368955782202	312
3368955782202	313
3368955782202	44
3368955782202	314
3368955782202	315
3368955782202	316
3368955782202	317
3368955782202	318
3368955782202	319
3368955782202	320
3368955782202	251
3368955782202	179
3368955782202	321
3368955782202	322
3270720080102	323
3270720080102	324
3270720080102	325
3270720080102	95
3270720080102	326
3270720080102	327
3270720080102	44
3270720080102	328
3256224371410	329
3256224371410	43
3256224371410	330
3256224371410	331
3256224371410	49
3256224371410	63
3256224371410	332
3760077531865	65
3760077531865	333
3760077531865	334
3760077531865	95
3760077531865	49
3760077531865	335
3512690000101	336
3512690000101	337
3512690000101	49
3512690000101	125
3512690000101	338
3512690000101	339
3512690000101	340
3512690000101	341
3512690000101	342
3512690000101	343
3770002558126	344
3770002558126	345
3770002558126	44
3770002558126	346
3770002558126	347
3770002558126	348
3770002558126	44
3770002558126	349
3770002558126	350
3770002558126	351
3266191085739	352
3266191085739	353
3266191085739	354
3266191085739	355
3266191085739	356
3266191085739	274
3266191085739	105
3266191085739	357
3266191085739	241
3266191085739	82
3266191085739	57
3266191085739	58
3266191085739	358
3266191085739	101
3270190155584	359
3270190155584	360
3270190155584	361
3270190155584	362
3270190155584	95
3270190155584	363
3270190155584	364
3270190155584	365
7622300737955	366
7622300737955	367
7622300737955	368
7622300737955	369
7622300737955	370
7622300737955	371
7622300737955	372
7622300737955	373
7622300737955	6
3268350120824	374
3268350120824	375
3268350120824	295
3268350120824	95
3268350120824	376
3268350120824	107
3268350120824	105
3268350120824	171
3268350120824	298
3268350120824	377
3268350120824	378
2000000000094	379
2000000000094	43
2000000000094	44
2000000000094	380
2000000000094	49
3396411227486	381
3396411227486	382
3396411227486	383
3396411227486	100
3396411227486	76
3396411227486	384
3396411227486	385
3396411227486	386
3396411227486	387
3396411227486	388
3396411227486	389
3396411227486	390
3396411227486	49
3396411227486	391
3256220363334	392
3256220363334	393
3256220363334	394
20384425	395
20384425	261
20384425	396
20384425	175
20384425	397
20384425	398
20384425	107
20384425	105
20384425	399
20384425	51
20384425	400
20384425	401
20384425	48
20384425	402
20384425	403
20384425	404
20384425	405
3263853107013	406
3368954400770	407
3368954400770	408
3368954400770	409
3368954400770	410
3368954400770	411
3368954400770	412
3368954400770	413
3368954400770	125
3368954400770	414
3368954400770	415
3368954400770	416
3368954400770	417
3368954400770	418
3368954400770	419
3368954400770	420
3368954400770	421
3368954400770	422
3368954400770	423
3368954400770	424
3368954400770	49
3368954400770	425
3368954400770	426
3256225054756	427
3256225054756	428
3256225054756	51
3256225054756	429
3256225054756	95
3256225054756	241
3256225054756	56
3256225054756	105
3256225054756	430
3256225054756	431
3256225054756	432
3256225054756	433
3256225054756	434
3256225054756	435
3256225054756	433
3256225054756	436
3256225054756	437
3256225054756	438
3256225054756	49
3256225054756	358
26039510	439
26039510	440
26039510	441
26039510	442
26039510	209
26039510	443
26039510	444
26039510	445
26039510	446
26039510	447
26039510	448
26039510	449
26039510	450
26039510	451
26039510	452
26039510	453
26039510	209
26039510	454
26039510	455
26039510	456
26039510	210
26039510	457
26039510	458
26039510	459
3178530409604	460
3178530409604	461
3178530409604	44
3178530409604	462
3178530409604	107
3178530409604	463
3178530409604	464
3178530409604	49
3178530409604	57
3178530409604	58
3178530409604	465
3178530409604	56
3178530409604	466
3178530409604	105
5412514933050	246
5412514933050	467
5412514933050	468
5412514933050	469
5412514933050	49
5412514933050	470
5412514933050	471
5412514933050	472
5412514933050	473
5412514933050	474
5412514933050	475
5412514933050	476
8480017076489	477
8480017076489	478
8480017076489	479
8480017076489	480
8480017076489	481
8480017076489	482
8480017076489	483
3278310003104	484
3278310003104	485
3760121211873	486
3760121211873	487
3760121211873	279
3760121211873	488
3760121211873	489
3760121211873	490
3760121211873	279
3760121211873	491
3760121211873	492
3760121211873	283
3760121211873	493
3760121211873	49
3113010128750	494
3113010128750	495
3113010128750	142
3113010128750	49
3113010128750	496
3113010128750	226
3113010128750	497
3113010128750	44
3113010128750	498
3339881001026	499
3339881001026	43
3339881001026	44
3339881001026	95
3339881001026	500
3339881001026	90
3339881001026	501
3339881001026	39
3339881001026	49
3435070029205	502
3435070029205	43
3435070029205	503
3435070029205	105
3435070029205	106
3435070029205	107
3435070029205	183
3435070029205	110
3435070029205	44
3435070029205	189
3435070029205	430
3435070029205	125
3435070029205	49
3435070029205	38
3435070029205	504
3435070029205	505
3700311810516	502
3700311810516	261
3700311810516	107
3700311810516	105
3700311810516	506
3700311810516	507
3410280021959	508
3410280021959	121
3410280021959	509
3410280021959	510
3410280021959	511
3410280021959	108
3410280021959	49
3410280021959	512
3410280021959	513
3410280021959	127
3410280021959	514
3067163621678	515
3067163621678	516
3067163621678	142
3067163621678	49
3067163621678	517
3067163621678	518
3067163621678	44
3067163621678	519
3067163621678	520
20181482	521
20181482	522
20181482	523
20181482	95
20181482	49
20181482	431
5000396037937	524
5000396037937	525
5000396037937	526
5000396037937	527
5000396037937	528
5000396037937	529
5000396037937	530
5000396037937	531
5000396037937	532
5000396037937	533
5000396037937	534
5000396037937	535
5000396037937	536
5000396037937	537
5000396037937	538
5000396037937	539
5000396037937	540
5000396037937	541
5000396037937	542
5000396037937	543
5000396037937	544
5000396037937	545
5000396037937	546
5000396037937	547
7610200021120	548
7610200021120	549
7610200021120	550
7610200021120	63
7610200021120	551
7610200021120	552
7610200021120	553
7610200021120	124
8480017032645	554
8480017032645	483
8480017032645	555
8480017032645	556
8480000364074	557
8480000364074	558
8480000364074	559
20276607	560
20276607	43
20276607	44
20276607	561
20276607	396
20276607	49
4004980517905	562
4004980517905	563
4004980517905	564
4004980517905	565
4004980517905	566
4004980517905	567
4004980517905	568
4004980517905	569
4004980517905	570
4004980517905	571
4004980517905	572
4004980517905	573
4004980517905	574
4004980517905	575
4004980517905	576
4004980517905	577
4004980517905	578
7610036000337	579
7610036000337	261
7610036000337	105
7610036000337	198
7610036000337	107
7610036000337	580
7610036000337	56
7610036000337	581
7610036000337	582
7610036000337	583
3588570003524	584
3588570003524	43
3588570003524	585
3588570003524	105
3588570003524	106
3588570003524	107
3588570003524	586
3588570003524	183
3588570003524	110
3588570003524	44
3588570003524	587
3588570003524	588
3588570003524	589
3588570003524	590
3588570003524	591
3588570003524	592
3588570003524	593
3588570003524	594
3588570003524	595
3588570003524	596
3588570003524	44
3588570003524	49
3588570003524	597
3588570003524	598
3588570003524	599
3588570003524	39
3588570003524	600
3588570003524	601
3588570003524	602
3588570003524	603
3588570003524	251
3588570003524	49
4003754176447	604
4003754176447	569
4003754176447	605
4003754176447	606
4003754176447	607
4003754176447	608
4003754176447	609
4104420053847	610
4104420053847	611
4104420053847	568
4104420053847	612
4104420054806	613
4104420054806	614
4104420054806	568
4104420054806	615
4104420054806	575
4104420054806	616
4104420054806	617
4104420054806	618
4104420054806	619
4104420054806	577
4104420054806	620
4000161100904	621
4000161100904	622
4000161100904	569
4000161100904	623
4000161440673	624
4000161440673	622
4000161440673	569
4000161440673	623
4000161440673	625
4000161440673	626
4000161440673	627
4000161440673	570
4000161440673	628
4000161440673	629
4000161440673	630
4000161440673	631
3560070559619	632
3560070559619	43
3560070559619	633
3560070559619	634
3560070559619	33
3560070559619	63
3560070559619	49
3560070559619	635
3560070559619	297
3560070559619	636
3560070559619	637
3560070559619	56
3560070559619	638
3560070559619	639
26192000	381
26192000	640
26192000	641
26192000	642
26192000	643
26192000	444
26192000	644
26192000	446
26192000	645
26192000	646
26192000	441
26192000	450
26192000	451
26192000	647
26192000	452
26192000	209
26192000	648
26192000	649
26192000	454
26192000	650
26192000	210
26192000	458
26192000	457
26192000	651
26192000	652
26192000	653
26192000	654
26192000	655
3760029244003	656
3760029244003	657
3760029244003	658
3760029244003	44
3760029244003	659
3760029244003	660
3760020501051	49
3760020501051	661
3760020501051	662
3760020501051	663
3760020501051	664
3760020501051	665
3760020501051	179
3760020501051	666
3760020501051	667
3760020501051	56
3760020501051	668
3760020501051	669
3760020501051	670
3760020501051	671
3760020501051	672
20127541	673
20127541	674
20127541	107
20127541	105
20127541	124
20127541	675
20127541	491
20127541	196
20127541	676
20127541	549
20127541	44
20127541	677
20127541	678
20127541	49
20127541	679
3396411223143	680
3396411223143	681
3396411223143	682
3396411223143	683
3396411223143	684
3396411223143	685
3396411223143	686
3396411223143	274
3396411223143	55
3396411223143	687
3396411223143	688
3396411223143	180
3396411223143	689
3560070504701	690
3560070504701	261
3560070504701	691
3560070504701	44
3560070504701	692
3560070504701	165
3560070504701	693
3560070504701	551
3560070504701	160
3560070504701	694
3560070504701	105
3560070504701	107
3560070504701	695
3560070504701	693
3560070504701	696
3560070504701	697
3560070504701	698
3560070504701	251
5901869009645	699
5901869009645	700
5901869009645	701
5901869009645	702
5901869009645	703
5901869009645	704
5901869009645	705
5901869009645	175
5901869009645	243
5901869009645	706
5901869009645	49
5901869009645	707
5901869009645	708
5901869009645	709
3265475016001	710
3265475016001	711
3265475016001	142
3265475016001	712
3265475016001	713
3265475016001	714
3265475016001	44
3265475016001	715
3265475016001	49
3265475016001	716
3265475016001	717
3265475016001	718
3265475016001	49
3265475016001	44
3265475016001	125
3265475016001	251
3265475016001	719
3265475016001	720
3265475016001	721
3265475016001	722
3265475016001	723
3265475016001	724
3265475016001	725
26018324	726
26018324	727
26018324	123
26018324	728
26018324	729
26018324	730
3555080708591	731
3555080708591	732
3555080708591	44
3555080708591	105
3555080708591	183
3555080708591	733
3555080708591	734
3555080708591	697
3555080708591	735
3555080708591	736
3555080708591	737
3555080708591	155
3555080708591	206
3555080708591	738
3555080708591	125
3555080708591	739
3555080708591	740
3555080708591	741
3555080708591	740
3555080708591	742
3760077534583	743
3760077534583	744
3760077534583	745
3760077534583	746
3760077534583	666
3760077534583	49
8423207207478	747
8423207207478	748
8423207207478	749
8423207207478	226
8423207207478	750
8423207207478	751
8423207207478	482
8423207207478	483
8423207207478	556
8423207207478	6
8423207207478	752
8423207207478	753
8423207207478	754
8423207207478	755
8423207207478	756
8423207207478	757
3222475720444	758
5000167082890	759
5000167082890	760
5000167082890	761
5000167082890	762
5000167082890	763
5000167082890	764
5000167082890	765
5000167082890	766
5000167082890	767
3260260031412	768
3260260031412	43
3260260031412	44
3260260031412	769
3260260031412	357
3260260031412	49
3260260031412	299
3260260031412	770
20277406	771
20277406	483
602652176616	772
602652176616	773
602652176616	774
602652176616	193
602652176616	266
602652176616	775
602652176616	776
8480000335760	777
8480000335760	778
8480000335760	779
8480000335760	780
8480000335760	781
8413671022202	782
8413671022202	478
8413671022202	783
8413671022202	482
8413671022202	483
8413671030603	484
8413671030603	478
8413671030603	783
8413671030603	482
8413671030603	483
8413671022042	484
8413671022042	478
8413671022042	783
8413671022042	482
8413671022042	483
5425008344584	484
5425008344584	784
5425008344584	44
5425008344584	785
5425008344584	786
5425008344584	787
5425008344584	788
5425008344584	789
5425008344584	790
5425008344584	791
5425008344584	792
836110002074	793
836110002074	794
836110002074	682
836110002074	795
836110002074	551
836110002074	107
836110002074	796
836110002074	136
836110002074	797
24001885	798
24001885	799
24001885	800
24001885	3
24001885	801
24001885	802
24001885	803
24001885	804
24001885	805
24001885	806
24001885	482
24001885	807
24001885	808
24001885	809
24001885	810
24001885	811
24001885	167
24001885	812
24001885	813
24001885	814
24001885	815
24001885	816
20128609	817
3497900007111	818
3497900007111	819
3497900007111	820
3497900007111	821
3497900007111	822
3497900007111	823
3497900007111	279
3497900007111	824
3497900007111	825
3497900007111	826
3497900007111	827
3497900007111	179
3497900007111	828
3350033092419	829
3350033092419	43
3350033092419	44
3350033092419	830
3350033092419	831
3350033092419	430
3350033092419	832
3350033092419	155
3350033092419	56
3350033092419	833
3350033092419	155
3350033092419	49
60465005828	834
60465005828	835
60465005828	836
60465005828	837
3250392250249	838
3250392250249	839
3250392250249	840
3250392250249	69
3250392250249	841
3250392250249	842
3250392250249	843
3250392250249	844
3250392250249	234
3250392250249	76
3250392250249	845
3250392250249	77
3250392250249	846
3250392250249	847
3250392250249	76
3250392250249	845
3250392250249	848
3250392250249	849
3250392250249	179
3250392250249	850
3662790003325	851
3662790003325	852
3662790003325	853
3662790003325	854
3662790003325	155
3662790003325	855
3662790003325	856
3662790003325	63
3662790003325	82
3662790003325	857
3662790003325	431
3662790003325	858
3662790003325	155
3662790003325	859
3662790003325	860
3662790003325	861
3564700083642	862
3564700083642	495
3564700083642	142
3564700083642	49
3564700083642	518
3564700083642	44
3564700083642	342
3564700083642	863
3257980085788	864
3257980085764	865
3257982161565	866
3245412512179	867
3245412512179	495
3245412512179	868
3245412512179	142
3245412512179	49
3245412512179	518
3245412512179	519
3245412512179	44
3245412512179	869
3350030201029	870
3350030201029	495
3350030201029	142
3350030201029	49
3350030201029	518
3350030201029	44
3350030201029	342
3350030201029	863
3250391773688	870
3250391773688	495
3250391773688	868
3250391773688	142
3250391773688	518
3250391773688	49
3250391773688	519
3250391773688	44
3113010125865	871
3113010125865	495
3113010125865	868
3113010125865	142
3113010125865	49
3113010125865	518
3113010125865	519
3113010125865	44
3113010125865	872
3250391095605	499
3250391095605	873
3250391095605	874
3250391095605	142
3250391095605	875
3250391095605	49
3250391095605	519
3250391095605	44
3250390424079	871
3250390424079	261
3250390424079	430
3250390424079	175
3250390424079	876
3250390424079	107
3250390424079	105
3250390424079	877
3250390424079	878
3250390424079	51
3250390424079	879
3250390424079	48
3250390424079	880
3250390424079	403
3250390424079	881
3250390424079	49
9310072000411	406
9310072000411	882
9310072000411	883
9310072000411	884
9310072000411	885
9310072000411	886
9310072000411	887
9310072000411	888
9310072000411	889
9310072000411	890
8000015003081	891
8000015003081	892
8000015003081	44
8000015003081	893
8000015003081	279
8000015003081	894
8000015003081	895
8000015003081	107
8000015003081	105
8000015003081	896
8000015003081	897
8000015003081	898
8000015003081	899
8000015003081	900
8000015003081	901
8000015003081	902
8000015003081	903
8000015003081	504
9300617324126	904
9300617324126	210
9300617324126	643
9300617324126	905
9300617324126	906
9300617324126	907
9300617324126	908
9300617324126	909
9300617324126	447
9300617324126	910
9300617324126	911
9300617324126	912
3339883010170	913
3339883010170	43
3339883010170	44
3339883010170	95
3339883010170	914
3339883010170	90
3339883010170	770
3339883010170	39
3339883010170	49
8480017020215	502
8480017020215	915
8480017020215	916
9400553011477	143
9400553011477	883
9400553011477	882
9400553011477	917
9400553011477	918
9400553011477	919
9400553011477	920
9400553011477	921
9400553011477	922
9400553011477	923
9400553011477	924
9400553011477	925
9400553011477	926
9400553011477	927
9400553011477	928
9400553011477	929
8480017155436	930
8480017155436	931
8480017155436	800
8480017155436	3
8480017155436	932
8480017155436	933
8480017155436	483
8480017155436	934
8480017155436	935
8480017155436	936
8411814206885	937
8411814206885	938
8411814206885	510
8411814206885	49
8411814206885	939
8411814206885	108
8411814206885	125
8411814206885	342
8411814206885	940
8411814206885	941
8411814215863	942
8411814215863	943
8411814215863	575
8411814215863	944
8411814215863	945
8411814215863	946
8411814215863	947
8411814215863	948
8411814215863	949
8411814215863	950
8411814210806	942
8411814210806	951
8411814210806	510
8411814210806	49
8411814210806	952
8411814210806	124
8411814210806	342
8411814210806	953
8411814210806	125
8411814210806	940
8411814210806	941
3700656401158	954
3700656401158	121
3700656401158	49
3700656401158	125
3700656401158	464
3700656401158	342
3700656401158	863
3700656401158	955
26080994	956
26080994	51
26080994	957
26080994	95
26080994	958
26080994	959
26080994	44
26080994	697
26080994	960
26080994	961
26080994	962
26080994	251
26080994	125
26080994	963
26080994	175
26080994	964
26080994	878
26080994	965
26080994	966
26080994	44
26080994	697
26080994	431
26080994	967
26080994	49
26080994	968
26080994	969
26080994	970
26080994	971
26080994	342
3222475718991	972
3222475718991	973
3222475718991	974
3222475718991	975
3222475718991	663
3222475718991	44
3222475718991	976
3222475718991	977
3222475718991	978
3222475718991	979
3222475718991	391
3222475718991	58
3222475718991	980
3222475718991	981
3222475718991	49
3222475718991	982
3222475718991	342
3222475718991	474
3222475718991	983
3222475718991	44
3222475718991	984
3222475718991	985
819701	986
819701	987
819701	988
819701	210
819701	989
819701	990
819701	991
819701	992
819701	989
819701	988
819701	993
819701	994
819701	995
819701	996
819701	997
819701	998
819701	999
819701	1000
819701	1001
819701	575
819701	1002
8480000670151	1003
8480000670151	1004
8480000670151	483
8480000670151	1005
3535800172659	1006
3535800172659	43
3535800172659	44
3535800172659	1007
3535800172659	105
3535800172659	106
3535800172659	107
3535800172659	108
3535800172659	109
3535800172659	110
3535800172659	1008
3535800172659	44
3535800172659	105
3535800172659	402
3535800172659	109
3535800172659	110
3535800172659	1009
3535800172659	112
3535800172659	49
3535800172659	113
3535800172659	114
3270160801534	115
3270160801534	1010
3270160801534	105
3270160801534	198
3270160801534	107
3270160801534	1011
3270160801534	183
3270160801534	1012
3270160801534	1013
3270160801534	44
3270160801534	1014
3270160801534	1015
3270160801534	49
3270160801534	1016
3270160801534	114
8410376016789	1017
8410376016789	1018
8410376016789	1019
8410376016789	1020
8410376016789	1021
8410376016789	1022
4001518003312	1006
4001518003312	567
4001518003312	1023
4001518003312	1024
4001518003312	1025
4001518003312	1026
4001518003312	1027
4001518003312	1028
4001518003312	1029
4001518003312	1030
4001518003312	1031
4001518003312	1032
4001518003312	1033
4001518003312	1034
8008714000899	1035
8008714000899	1036
8008714000899	1037
8008714000899	1038
24086721	1039
24086721	558
24086721	1040
8410350065055	560
8410350065055	558
8410350065055	1040
8431876251197	1041
8431876251197	1042
8431876251197	483
8433329039826	1043
8433329039826	1044
8433329039826	483
8433329039826	1045
8433329039826	935
8433329039833	1046
8433329039833	1044
8433329039833	483
8433329039833	1045
8433329039833	935
3700428432885	1046
3700428432885	1047
3700428432885	49
3700428432885	519
3700428432885	1048
85366013000299	1049
85366013000299	1050
85366013000299	882
85366013000299	1051
85366013000299	1052
85366013000299	1053
85366013000299	1054
85366013000299	1055
85366013000299	1056
85366013000299	1057
3250390183976	1
3250390183976	43
3250390183976	44
3250390183976	1058
3250390183976	1059
3250390183976	430
3250390183976	55
3250390183976	1060
3250390183976	49
3250390183976	112
3258563020295	92
3258563020295	43
3258563020295	44
3258563020295	1068
3258563020295	1069
3258563020295	1070
3258563020295	317
3258563020295	1071
3258563020295	1072
3258563020295	1073
3258563020295	1074
3258563020295	251
3258563020295	82
3258563020295	321
3258563020295	1075
5410126716016	92
5410126716016	1076
5410126716016	483
5410126716016	1077
5410126716016	1078
5410126716016	1079
5410126716016	1080
5410126716016	1081
5410126716016	482
8421691784543	1082
8421691784543	1083
8421691784543	1084
8421691784543	483
8421691784543	1045
8421691784543	1085
8421691477292	1086
8421691477292	1087
8421691477292	1088
8421691477292	226
8421691477292	1084
8421691477292	483
8421691477292	1045
8421691477292	1089
8410196051380	1090
8410196051380	1091
8410196051380	2
8410196051380	3
8410196051380	4
8410196051380	5
8410196051380	6
8410196051380	7
8410196051380	8
8410196051380	2
8410196051380	9
8410196051380	10
8410196051380	11
8410196051380	12
8410196051380	13
8410196051380	14
8410196051380	15
8410196051380	6
8410196051380	16
8410196051380	17
8410196051380	18
8410196051380	19
8410196051380	20
8410196051380	21
8410196051380	22
8410196051380	23
8430803027225	24
8430803027225	1083
8430803027225	9
8430803027225	483
8430803027225	1045
7622210114730	1092
7622210114730	1093
7622210114730	1094
7622210114730	33
7622210114730	1095
7622210114730	1096
7622210114730	483
7622210114730	1097
7622210114730	33
7622210114730	1098
7622210114730	1099
7622210114730	1100
7622210114730	1101
7622210114730	1102
7622210114730	1103
7622210114730	482
7622210114730	1104
20204389	1105
20204389	1106
20204389	1084
20204389	483
20204389	1045
20204433	1107
20204433	1108
20204433	1109
20204433	1110
20204433	1084
20204433	483
20204433	1045
8480017092991	1107
8480017092991	1111
8480017092991	1088
8480017092991	226
8480017092991	1084
8480017092991	483
8480017092991	1045
8480017092991	1112
24044882	1006
24044882	1113
24044882	1114
24044882	279
24044882	1084
24044882	483
24044882	1045
24044882	1115
20204365	1090
20204365	1116
20204365	1110
20204365	1084
20204365	483
20204365	1117
20204365	1118
20204365	1119
20204365	1084
20204365	934
20204365	1120
20204365	1045
20204365	1121
20204365	1122
20204365	1123
20204365	1124
20204365	1125
20204365	483
20204365	1126
20204365	1127
20204365	1128
20204365	482
20204365	1129
8480017092984	1130
8480017092984	1131
8480017092984	1084
8480017092984	483
8480017092984	1117
8480017092984	1118
8480017092984	1119
8480017092984	1084
8480017092984	934
8480017092984	1132
8480017092984	933
8480017092984	1045
8480017092984	1112
8480017092984	1133
8480017092984	1134
8480017092984	1135
8480017092984	1136
8480017092984	1096
8480017092984	1137
8480017092984	1138
8480017092984	483
8480017092984	1139
8480017092984	1084
8480017092984	1140
8480017092984	6
8480017092984	1141
8480017092984	1142
8480017092984	482
24044080	1143
24044080	1144
24044080	226
24044080	1084
24044080	483
24044080	1117
24044080	1118
24044080	1119
24044080	1084
24044080	934
24044080	1132
24044080	933
24044080	1045
24044080	1115
24044080	1133
24044080	1145
24044080	1146
24044080	1147
24044080	1138
24044080	483
24044080	1139
24044080	1084
24044080	1140
24044080	6
24044080	1148
24044080	1142
24044080	482
24044080	1149
24018128	1150
24018128	1151
24018128	1084
24018128	483
24018128	1045
24018128	1115
8431876005066	1006
8431876005066	1076
8431876005066	483
8431876005066	1084
8431876005066	1152
8431876005066	1045
8431876005066	1153
8431876005066	1154
8431876005066	482
8410014305169	1155
8410014305169	1156
8410014305169	1157
8410014305169	483
8410014305169	1158
8410014305169	1045
8410014305169	1159
8410014305169	482
8410014305169	1160
5941634001061	1161
5941634001061	1162
5941634001061	1163
5941634001061	1164
5941634001061	1165
5941634001061	1166
5941634001061	1167
5941634001061	483
5941634001061	1168
5941634001061	1169
5941634001061	483
5941634001061	1168
5941634001061	1170
5941634001061	1171
5941634001061	1172
5941634001061	1173
5941634001061	1174
5941634001061	1153
5941634001061	1175
5060422870099	1176
5060422870099	1177
5060422870099	1178
5060422870099	1179
5060422870099	107
5060422870099	105
5060422870099	792
5060422870099	1180
5060422870099	1181
5060422870099	1182
5060422870099	1183
3182650148985	1184
3182650148985	84
3182650148985	44
3182650148985	1185
3182650148985	1186
3182650148985	49
3182650148985	1187
3182650148985	1188
3182650248739	505
3182650248739	1189
3182650248739	44
3182650248739	1185
3182650248739	1186
3182650248739	1187
3182650248739	1188
3182650248739	1190
3182650248739	44
3182650248739	1191
3182650248739	1192
3182650248739	49
3182650248739	1193
3182650008982	1188
3182650008982	84
3182650008982	44
3182650008982	1185
3182650008982	1194
3182650008982	49
3182650008982	1187
3182650008982	1188
8606107223124	1195
8606107223124	1196
8606107223124	1197
8606107223124	1198
8606107223124	1199
8606107223124	1200
8606107223124	1201
8606107223124	1202
4013200332198	1203
4013200332198	567
4013200332198	1204
4013200332198	1205
4013200332198	1206
4013200332198	1207
4013200332198	780
4013200332198	1208
4013200332198	1030
50300853	1209
50300853	1210
50300853	987
50300853	988
50300853	1211
50300853	1212
50300853	1213
50300853	1214
50300853	996
50300853	1215
50300853	1216
50300853	1217
50300853	1218
50300853	1219
50300853	1220
50300853	1221
5410471903024	1222
5410471903024	1223
5410471903024	1224
5410471903024	44
5410471903024	105
5410471903024	1225
5410471903024	1226
5410471903024	1227
5410471903024	1228
5410471903024	1229
5410471903024	1230
5410471903024	49
5410471903024	1231
5410471903024	1232
5410471903024	105
5410471903024	694
5410471903024	1226
5410471903024	1233
5410471903024	1234
5410471903024	1235
5410471903024	1236
4001518110294	1237
4001518110294	569
4001518110294	567
4001518110294	1238
4001518110294	568
4001518110294	1239
4001518110294	1031
4001518110294	1240
4001518110294	1026
4001518110294	608
4001518110294	606
4001518110294	947
4001518110294	1241
4001518110294	1030
4001518110294	1242
4001518110294	1243
4000161110170	1244
4000161110170	1245
4000161110170	1246
4000161110170	569
4000161110170	608
4000161110170	1240
4000161110170	1247
4000161110170	1248
4000161110170	569
4000161110170	1249
4000161110170	1250
4000161110170	623
4000161110170	1251
4000161110170	33
4000161110170	625
4000161110170	1252
4000161110170	1253
4000161110170	1254
4000161110170	1255
4000161110170	364
4000161110170	1256
4000161110170	1257
4000161110170	1258
4000161110170	1259
4000161110170	1260
4000161110170	1261
4000161110170	1262
4000161110170	1026
42305880	1263
42305880	1264
42305880	1265
42305880	1266
42305880	1267
42305880	1268
42305880	1269
42305880	1270
42305880	1271
3104544018860	1272
3104544018860	873
3104544018860	874
3104544018860	142
3104544018860	1273
3104544018860	518
3104544018860	44
3104544018860	1274
3104544018860	1250
3104544018860	863
3104544018860	1275
3263852910713	1276
3263852910713	43
3263852910713	44
3263852910713	1277
3263852910713	1278
3263852910713	357
3263852910713	1279
3368390000190	143
3368390000190	43
3368390000190	1280
3368390000190	142
3368390000190	44
3368390000190	49
3226219005705	1281
3226219005705	549
3226219005705	44
3226219005705	1282
3226219005705	320
3226219005705	694
3226219005705	49
3226219005705	1283
3226219005705	1284
3700663000399	181
3700663000399	1285
3700663000399	142
3700663000399	1286
3700663000399	1287
3700663000399	1288
3700663000399	712
3700663000399	142
3700663000399	160
3700663000399	1289
3700663000399	1290
3700663000399	1291
3700663000399	1292
3700663000399	1293
3700663000399	49
3472860003557	1294
3472860003557	657
3472860003557	1295
3472860003557	241
3472860003557	1296
3472860003557	1297
3472860003557	1298
3472860003557	1299
3472860003557	1300
3472860003557	1301
3472860003557	105
3472860003557	1302
3472860003557	1303
3472860003557	251
3472860003557	1304
3472860003557	1305
3472860003557	1306
3472860003557	697
3472860003557	1307
3472860003557	1308
3472860003557	1309
3472860003557	56
3472860003557	1310
3472860003557	714
3472860003557	1311
3472860003557	1312
3472860003557	1313
3472860003557	49
3472860003557	1314
3472860003557	1315
3472860003557	1316
3472860003557	1317
3700125800826	1318
3700125800826	261
3700125800826	1319
3700125800826	1320
3700125800826	1321
3700125800826	1322
3700125800826	1323
3700125800826	1324
3700125800826	1325
3700125800826	1326
3700125800826	1325
3700125800826	1327
3700125800826	1328
3700125800826	1325
3700125800826	1329
3700125800826	1330
3700125800826	1325
3700125800826	1331
3700125800826	1332
3700125800826	1333
3328481290770	1334
3328481290770	1335
3328481290770	1336
3328481290770	1337
3328481290770	1338
3328481290770	1339
3328481290770	1340
3328481290770	1341
3328481290770	1342
3328481290770	1343
3328481290770	1344
7613035903524	1345
7613035903524	1346
7613035903524	1347
7613035903524	1348
7613035903524	1349
7613035903524	1350
7613035903524	1351
7613035903524	1352
7613035903524	1353
7613035903524	1354
7613035903524	1355
7613035903524	1356
7613035903524	1357
7613035903524	1358
7613035903524	1359
7613035903524	1360
7613035903524	1361
7613035903524	1362
7613035903524	1363
4003754178076	1364
4003754178076	569
4003754178076	1365
4003754178076	606
4003754178076	607
4003754178076	608
4003754178076	609
8713445070041	610
8713445070041	1366
8713445070041	1367
8713445070041	1368
8713445070041	1369
4000161400219	1370
4000161400219	622
4000161400219	569
4000161400219	623
4000161400219	625
4000161050292	1371
4000161050292	1372
4000161050292	569
4000161050292	1373
4000161050292	1374
4000161050292	1240
4000161050292	606
4000161050292	1375
4000161050292	1248
4000161050292	1376
4000161050292	1377
4000161050292	569
4000161050292	608
4000161050292	1240
4000161050292	1375
4000161050292	1248
4000161050292	623
4000161050292	1378
4000161050292	613
4000161050292	625
4000161050292	568
4000161400516	1379
4000161400516	622
4000161400516	569
4000161400516	1380
4000161400516	1378
4000161400516	364
4000161400516	626
4000161600091	624
4000161600091	1381
4000161600091	569
4000161600091	1382
4000161600091	569
4000161600091	608
4000161600091	1240
4000161600091	1247
4000161600091	1248
4000161600091	623
4000161600091	625
4000161740308	1383
4000161740308	1384
4000161740308	569
4000161740308	1385
4000161740308	1386
4000161740308	569
4000161740308	1387
4000161740308	1388
4000161740308	1247
4000161740308	1248
4000161740308	1389
4000161740308	625
4000161740308	627
4000161740308	1030
4000161740308	1390
4000161740308	1391
4000161740308	1392
4000161740308	629
4000161740308	1393
4000161740308	1394
4000161740308	1395
4000161740308	1396
4000161740308	1397
4000161740308	1398
8422584000511	1399
8422584000511	1400
8422584000511	1401
8422584000511	1402
8422584000511	1403
8422584000511	1404
8422584000511	935
8421691560970	1405
8421691560970	1406
8421691560970	483
8421691560970	934
8421691560970	935
8421691560970	1407
718122600595	1408
718122600595	1409
718122600595	1410
718122600595	1411
718122600595	1412
718122600595	1413
718122600595	926
1151	1414
1151	1415
1151	105
1151	106
1151	107
1151	109
1151	676
1151	51
1151	44
1151	1416
1151	56
1151	1417
1151	109
1151	49
8480017541857	1418
8480017541857	1419
8480017541857	49
8480017541857	108
8480017541857	125
8480017541857	338
8480017541857	342
8480017541857	1420
2000000017785	1421
2000000017785	43
2000000017785	44
2000000017785	1422
2000000017785	279
2000000017785	1423
2000000017785	55
2000000017785	1424
2000000017785	1425
2000000017785	49
3350031637513	1426
3350031637513	1427
3350031637513	1428
3350031637513	363
3350031637513	977
3350031637513	365
9300650012349	1429
9300650012349	1430
9300650012349	1431
9300650012349	1432
9300650012349	210
9300650012349	1433
9300650012349	213
9300650012349	1434
9300650012349	996
9300650012349	1435
9300650012349	1436
9300650012349	1437
9300650012349	1438
9300650012349	1439
4000161620112	1440
4000161620112	1441
4000161620112	569
4000161620112	1442
4000161620112	608
4000161620112	1443
4000161620112	606
4000161620112	1247
4000161620112	1248
4000161620112	1444
4000161620112	637
4000161620112	623
4000161620112	1378
4000161620112	613
4000161620112	625
4000161620112	608
4000161620112	568
20594442	1445
20594442	51
20594442	44
20594442	1446
20594442	1447
20594442	1448
20594442	1449
20594442	1450
20594442	1451
20594442	1452
20594442	1451
20594442	1453
20594442	1451
20594442	1454
20594442	1455
20594442	318
20594442	1456
20594442	1457
20594442	1074
20594442	431
20594442	179
20594442	321
20594442	1313
20045463	1458
20045463	1459
20045463	1460
20045463	49
20045463	124
20045463	125
20045463	44
20045463	1461
20045463	1462
20045463	1463
8423348402336	1464
8423348402336	1465
8423348402336	703
8423348402336	49
8423348402336	108
8423348402336	1466
8423348402336	342
8423348402336	1467
8423348402336	1468
8423348402336	1469
5997591100545	1470
5997591100545	1471
5997591100545	606
5997591100545	608
5997591100545	1472
5997591100545	1473
5997591100545	1474
5997591100545	567
5997591100545	569
5997591100545	1031
5997591100545	1475
5997591100545	1476
5997591100545	570
5997591100545	1477
5997591100545	1478
5400113569435	1479
5400113569435	1480
5400113569435	1481
5400113569435	1482
5400113569435	1483
5400113569435	1484
5400113569435	1485
5400113569435	1351
5400113569435	1486
5400113569435	1487
5400113569435	1488
5400113569435	1489
5400113569435	1490
5400113569435	1491
5400113569435	1492
5400113569435	1493
5400113569435	1494
5400113569435	1495
5400113569435	6
3257980832290	1496
3257984499307	1497
3245390015594	1498
3245390015594	1499
3245390015594	394
3245390015594	959
3245390015594	1500
3245390015594	49
3245390015594	1501
3245390015594	1502
3245390015594	1503
